22.102747909199525
9.578544061302683
1.9787933094384706
1e-06
1e-06
3.08641975308642
563.7694145758662
1568.100358422939
1284.7222222222224
300.55256869773
65.58641975308643
20.422640382317805
8.400537634408602
1.8187830687830693
1e-06
1e-06
1e-06
18.13271604938272
1657.7060931899641
2288.679808841099
1863.425925925926
448.02867383512546
97.60802469135804
57.870370370370374
25.01493428912784
10.168650793650796
2.426821983273596
1e-06
1e-06
1e-06
440.5615292712067
2258.8112305854243
1732.2530864197533
373.35722819593786
88.73456790123458
58.99044205495819
16.502389486260455
7.647156084656086
1e-06
1e-06
5.600358422939069
6.635802469135803
541.3679808841099
1885.4540023894863
1292.4382716049386
303.1660692951016
57.48456790123458
38.455794504181604
14.150238948626045
9.418901660280971
2.688172043010753
1e-06
1e-06
1e-06
761.6487455197133
2699.372759856631
1836.41975308642
342.36857825567506
73.68827160493828
6.720430107526882
61.60394265232975
55.80357142857144
1e-06
1e-06
5.600358422939069
15.432098765432102
418.16009557945046
1478.494623655914
871.9135802469137
120.96774193548387
13.503086419753089
1e-06
2.240143369175627
1e-06
1e-06
49.38271604938272
43.682795698924735
160.10802469135805
258.36320191158904
1303.0167264038232
702.1604938271606
81.01851851851852
16.203703703703706
11.574074074074074
2.986857825567503
1.2400793650793653
1.1200716845878136
30.092592592592595
70.9378733572282
42.82407407407408
589.9044205495819
2225.20908004779
1543.2098765432102
348.715651135006
34.72222222222223
5.2270011947431305
3.1362007168458783
1.556513409961686
0.9707287933094385
0.462962962962963
60.483870967741936
87.96296296296298
623.5065710872162
1448.626045400239
261.57407407407413
138.88888888888889
3.08641975308642
1.1574074074074074
1e-06
1e-06
1e-06
1.54320987654321
25.01493428912784
38.19444444444445
466.69653524492236
1945.1911589008364
555.5555555555557
29.868578255675033
3.8580246913580254
1.3440860215053765
1e-06
1e-06
1e-06
1.54320987654321
1e-06
1e-06
399.49223416965356
2363.351254480287
1153.5493827160496
114.24731182795699
27.391975308641978
11.574074074074074
1e-06
1e-06
1e-06
1e-06
1e-06
1e-06
440.5615292712067
1373.9545997610514
914.351851851852
104.54002389486261
12.34567901234568
1e-06
1e-06
1e-06
1e-06
1e-06
1e-06
1e-06
937.1266427718041
1303.0167264038232
225.30864197530866
56.37694145758662
1e-06
1e-06
1e-06
1e-06
1e-06
1e-06
1e-06
1e-06
698.1780167264038
2270.0119474313024
594.1358024691359
147.8494623655914
15.817901234567904
1e-06
1e-06
1e-06
1e-06
1e-06
1e-06
1e-06
440.5615292712067
1702.5089605734768
1111.1111111111113
278.52449223416966
18.904320987654323
2.6135005973715653
1e-06
1e-06
1e-06
1e-06
1e-06
1e-06
507.7658303464755
2535.0955794504184
1921.2962962962965
359.1696535244923
32.793209876543216
6.160394265232975
1e-06
1e-06
1e-06
1e-06
1e-06
1e-06
843.7873357228196
1676.3739545997612
644.2901234567902
75.04480286738351
5.787037037037038
1e-06
1e-06
1e-06
1e-06
1e-06
1e-06
1e-06
1097.6702508960575
2251.3440860215055
655.8641975308643
149.7162485065711
50.92592592592593
31.922043010752688
1e-06
1e-06
1e-06
1e-06
1e-06
1e-06
418.16009557945046
1347.8195937873359
594.1358024691359
291.9653524492234
16.97530864197531
1e-06
1e-06
1e-06
1e-06
1e-06
1e-06
1e-06
212.44026284348865
963.2616487455198
356.0956790123457
106.03345280764636
0.771604938271605
1e-06
1e-06
1e-06
1e-06
1e-06
1e-06
1e-06
290.4719235364397
1877.9868578255675
1033.9506172839508
113.50059737156512
17.939814814814817
1e-06
1e-06
1e-06
1e-06
1e-06
1e-06
1e-06
326.31421744324973
1183.5424133811232
1072.530864197531
239.69534050179212
2.3148148148148153
1e-06
1e-06
1e-06
1e-06
1e-06
1e-06
1e-06
151.20967741935485
589.9044205495819
288.19444444444446
154.56989247311827
10.223765432098768
1e-06
1e-06
1e-06
1e-06
1e-06
1e-06
1e-06
107.25308531635801
511.57406820987654
519.6759362268518
30.8641975308642
1e-06
1e-06
1e-06
1e-06
1e-06
1e-06
1e-06
1e-06
214.12037037037038
307.48457083333335
50.9259261111111
33.564815914351854
1e-06
1e-06
1e-06
1e-06
1e-06
1e-06
1e-06
1e-06
1604.9382716049383
2388.1172839506175
147.37654614197533
35.493827345679016
1e-06
1e-06
1e-06
1e-06
1e-06
1e-06
1e-06
1e-06
1e-06
1462.1913580246912
1095.679012345679
61.7283950617284
1e-06
1e-06
1e-06
1e-06
1e-06
1e-06
1e-06
1e-06
130.7870392361111
854.1666614969135
529.3209905864197
180.94136022376543
1e-06
137.73147708333332
1e-06
1e-06
1e-06
1e-06
1e-06
1e-06
610.7252909722223
245.37037183641974
1956.0185185185185
772.7623427083332
105.32407480709877
13.888889444444445
1e-06
1e-06
1e-06
1e-06
1e-06
1e-06
283.56482214891975
916.2808494984569
800.1543121527778
239.58333663194443
1e-06
1e-06
1e-06
1e-06
1e-06
1e-06
1e-06
1e-06
57.48456643132716
633.10183125
630.4012331018519
55.94135894675926
1e-06
1e-06
1e-06
1e-06
1e-06
1e-06
1e-06
1e-06
266.9753079050926
1635.030861265432
836.8055614583333
86.03394951774692
1e-06
1e-06
1e-06
1e-06
1e-06
1e-06
1e-06
1e-06
182.87037256944444
967.5925933256173
1277.7777807098767
375.0000066396605
181.7129607638889
1e-06
1e-06
1e-06
1e-06
1e-06
1e-06
250.38580466820986
388.88888591820984
1206.7901352237652
1101.4660493827162
234.9537022376543
1e-06
1e-06
1e-06
1e-06
1e-06
1e-06
1e-06
1e-06
504.62961192129626
2665.895061728395
1770.8333186342595
102.08333118441358
4.571759210648148
1e-06
1e-06
1e-06
1e-06
1e-06
1e-06
1e-06
1e-06
1e-06
1e-06
1e-06
1e-06
1e-06
1e-06
1e-06
1e-06
1e-06
1e-06
115.74074074074075
408.17901308256177
1662.8086419753088
547.067905632716
149.30555390625
1e-06
1e-06
1e-06
1e-06
1e-06
1e-06
1e-06
1e-06
653.9351925540124
1859.5679012345681
251.92901491126543
1e-06
1e-06
1e-06