445.7
236.8
161.6
137.4
190.3
511.9
3257.0
5854.0
5299.0
2396.0
963.72
494.4
289.7
227.4
138.1
216.1
117.03
375.92
2953.48
6076.64
5575.26
3273.26
1335.96
877.4
448.0
248.0
168.0
88.73
186.7
708.17
2546.67
3987.58
5919.35
3481.23
1053.23
559.85
330.14
200.32
137.75
157.54
470.08
600.03
1889.3
6233.0
4487.0
1859.0
884.7
595.13
353.99
216.46
120.73
161.3
163.9
613.83
3816.29
6537.65
5307.14
3708.44
1387.18
736.59
425.61
279.94
174.06
194.3
99.27
922.38
2204.74
4740.91
3452.69
2705.03
932.5
533.7
241.5
222.4
131.7
117.7
129.7
624.79
2387.33
4895.16
4587.75
1867.23
845.6
439.0
301.6
169.2
132.1
169.3
307.8
554.0
3132.84
5527.88
5024.21
3682.37
1405.07
754.53
366.32
241.48
155.25
145.94
207.87
986.16
2905.37
5158.53
3588.31
2330.78
808.37
431.96
294.49
214.43
305.73
168.29
220.3
667.6
2790.01
6769.89
4124.26
1602.2
738.53
384.19
237.79
175.32
129.41
121.46
148.2
744.4
2713.06
6406.75
4470.2
2601.58
1010.06
466.5
283.4
159.01
102.37
102.37
173.77
603.69
2468.07
5769.92
4276.16
2170.54
1118.57
518.44
307.46
176.51
108.41
123.69
178.59
472.2
1967.53
3693.42
2824.69
1304.97
681.38
324.25
212.49
136.6
93.44
80.99
259.56
609.97
1929.8
6223.24
4496.6
2242.73
867.38
433.81
288.95
190.38
158.21
122.45
294.61
768.27
3209.62
6174.13
4689.01
2179.33
870.03
477.82
582.3
471.63
167.35
118.92
161.6
1453.32
6018.16
6519.52
2812.56
1551.35
1054.15
574.36
473.31
304.51
219.98
173.6
263.73
684.34
2592.45
4906.9
5071.51
2784.8
796.1
536.14
386.34
434.47
259.75
181.8
266.2
672.12
2870.18
5068.68
4278.04
2419.85
1551.13
654.44
527.34
230.24
185.96
164.69
258.66
659.52
2752.98
4682.31
4261.12
2871.37
930.7
514.62
389.96
254.28
165.18
138.74
341.69
669.69
2043.59
4551.06
3367.09
1602.98
877.31
518.2
279.6
148.48
111.32
112.25
131.24
627.45
2465.0
5367.9
5943.7
2661.74
1034.0
531.4
335.0
264.2
258.68
218.67
274.78
882.3
3465.88
5191.35
4730.77
2237.52
908.39
446.5
314.6
158.5
130.7
125.7
195.3
545.7
1938.0
4910.0
3777.0
2364.0
745.5
367.9
274.4
133.8
113.6
137.9
267.1
722.6
1953.0
5241.0
4104.0
2186.0
800.2
379.7
259.6
123.7
90.13
68.36
150.3
852.5
2347.0
3934.0
3194.0
1289.0
496.4
243.9
374.44
247.17
174.57
152.79
250.8
756.14
3081.1
6072.0
5195.3
3218.6
1288.1
850.63
291.61
192.39
135.96
118.91
195.25
581.72
2399.1
4727.8
4045.8
2505.8
1003.42
662.42
337.92
223.08
157.52
137.83
226.27
682.33
2780.8
5479.1
4689.3
2905.1
1162.7
767.69
373.89
244.34
173.65
155.83
266.75
832.54
3173.04
6034.99
5122.88
3152.03
1272.42
849.53
384.56
253.77
179.3
156.86
257.51
776.49
3164.7
6235.9
5336.1
3305.5
1323.3
873.62
356.3
235.2
166.1
145.3
238.6
719.5
2932.6
5777.2
4943.4
3062.4
1226.5
809.5
391.49
258.39
182.49
159.72
262.13
790.46
3221.9
6348.1
5431.8
3364.9
1347.5
889.35
361.13
235.96
167.73
150.44
257.61
804.06
3065.24
5829.15
4948.02
3044.16
1228.92
626.1574191743827
347.22222222222223
218.74999560185185
135.03086419753086
266.58950397376543
415.12345825617285
1253.472228125
3125.0
5709.876543209876
4938.271604938272
2916.6666666666665
1291.666678433642
591.8209935570987
337.57716786265433
206.7901249228395
132.33024398148146
106.9444417978395
275.8487654320988
761.5740505015432
3082.561728395062
6793.981481481482
5200.617283950617
1697.5308641975307
844.5216255401234
421.68208842592594
194.0586463734568
128.85802322530864
101.92901447145061
134.95370377700618
207.94753672839508
565.200632021605
1927.0833333333333
4930.555555555556
3410.4938271604938
1444.8302469135804
628.0864315200616
336.0339447530864
211.03395354938274
134.25925999228397
136.30401205246915
198.30247133487651
565.2006246141975
1550.9259259259259
3915.8950617283954
6396.604938271605
4405.864197530865
2214.5061728395062
889.2746913580246
509.64507060185184
328.70370663580246
231.0956775462963
197.91666739969136
199.07407554012346
367.669750154321
1001.1574074074074
3028.5493827160494
4606.481481481482
2565.5864197530864
1990.7407407407409
1574.0740740740741
628.4722133873457