1e-06
1e-06
1e-06
1e-06
1e-06
1e-06
138.88888888888889
513.5030805169753
277.0061699074074
46.296297214506176
12.73148175810185
1e-06
1e-06
1e-06
1e-06
1e-06
1e-06
1e-06
84.1049399228395
250.7716049382716
179.7839557523148
28.356481342592595
1e-06
1e-06
1e-06
1e-06
1e-06
1e-06
1e-06
1e-06
118.82716123070986
378.85802029320985
366.89814961419756
148.5339487808642
20.061728117283952
1e-06
1e-06
1e-06
1e-06
1e-06
1e-06
41.66666556712963
92.97839469135802
183.25617283950615
349.9228350694445
116.12654192901236
9.837963239583333
1e-06
1e-06
1e-06
1e-06
1e-06
1e-06
25.462963512731484
230.70987727237653
543.9814814814814
796.2963021604937
463.3487742283951
71.37345679012346
21.604937901234567
1e-06
1e-06
1e-06
1e-06
1e-06
18.518518796296295
153.54938345293212
370.75616697530864
552.8549205632715
286.2654350308642
31.250001014660494
6.944444719907407
1e-06
1e-06
1e-06
1e-06
1e-06
1e-06
136.18827234182098
319.0586449074074
239.9691387345679
42.43827160493827
8.10185171412037
1e-06
1e-06
1e-06
1e-06
1e-06
1e-06
40.50925925925926
120.37036917824075
240.3549390046296
236.8827145833333
33.564815456018515
1e-06
1e-06
1e-06
1e-06
1e-06
1e-06
1e-06
60.18518297453704
274.305549691358
540.5092680941358
471.06482368827164
229.55246913580245
27.777778653935183
1e-06
1e-06
1e-06
1e-06
1e-06
1e-06
1e-06
55.94135802083334
256.9444459104938
350.69444297839505
118.82716489969135
1e-06
1e-06
1e-06
1e-06
1e-06
1e-06
1e-06
1e-06
81.79012455632716
241.12654320987656
340.6635773148148
202.93210393132713
10.416666533950618
1e-06
1e-06
1e-06
1e-06
1e-06
1e-06
1e-06
158.56481444830249
518.1327130787037
517.7469165123457
161.6512330979938
27.391976322530862
1e-06
1e-06
1e-06
1e-06
1e-06
1e-06
1e-06
73.68827123842593
319.4444378433642
417.8240785108025
69.05864233796297
20.25462962962963
1e-06
1e-06
1e-06
1e-06
1e-06
1e-06
2.314814849537037
103.78086273148148
323.3024662037037
258.48765432098764
80.2469143132716
10.416666822916666
1e-06
1e-06
1e-06
1e-06
1e-06
1e-06
24.305554456018516
110.33950855324075
514.6604997299382
467.20679158950617
113.42592445987655
16.58950575964506
1e-06
1e-06
1e-06
1e-06
1e-06
1e-06
1e-06
81.40432061728394
420.1388800925926
326.3888830246913
78.70370407021605
8.10185171412037
1e-06
1e-06
1e-06
1e-06
1e-06
1e-06
1e-06
147.7623473302469
353.0092592592593
285.87963476080245
94.13580283950618
12.731481498842593
1e-06
1e-06
1e-06
1e-06
1e-06
1e-06
59.0277775925926
302.46914166666664
457.9475337962963
662.0370311342593
214.50617064429014
35.87962967554012
1e-06
1e-06
1e-06
1e-06
1e-06
1e-06
22.569444994212965
131.55864344521603
371.52777480709875
298.22531304012347
56.71296222608024
6.365740878472222
1e-06
1e-06
1e-06
1e-06
1e-06
1e-06
1e-06
73.30247051311727
402.3919723765432
494.5987683641975
183.2561801697531
33.56481430902778
1e-06
1e-06
1e-06
1e-06
1e-06
1e-06
1e-06
118.63425925925927
407.79321280864195
450.6172810185185
115.3549349691358
11.574074305169752
1e-06
1e-06
1e-06
1e-06
1e-06
1e-06
1e-06
74.84567937885802
350.30863900462964
531.6357995370371
189.0432098765432
30.478394047067905
7.330246936728394
1e-06
1e-06
1e-06
1e-06
1e-06
56.71296303182871
249.2283983603395
628.4722133873457
581.4043239197531
162.8086430748457
37.80864179012346
16.589506450617282
1e-06
1e-06
1e-06
1e-06
1e-06
26.620369814814815
169.3672824845679
382.33025570987655
471.06482364969133
136.95987471064814
14.660494104166666
2.893518561921296
1e-06
1e-06
1e-06
1e-06
1e-06
1e-06
222.22222369212963
418.20987507716046
648.1481481481482
422.0679071373457
43.40277846527778
1e-06
1e-06
1e-06
1e-06
1e-06
1e-06
11.574074074074074
134.64506393132714
562.8858010030864
434.41358175154323
79.47530827160494
11.188271743441357
3.472222302854938
1e-06
1e-06
1e-06
1e-06
1e-06
1e-06
171.29629299189816
425.1543165509259
603.3950675925926
274.69135363040124
33.95061755787037
5.401234591049383
1e-06
1e-06
1e-06
1e-06
1e-06
1e-06
114.1975304976852
391.20370223765434
373.45678719135805
138.50308311728395
15.81790132638889
3.472222302854938
1e-06
1e-06
1e-06
1e-06
1e-06
1e-06
73.68827307484567
353.0092592592593
390.43210169753087
48.99691330246913
7.330246936728394
1.7361111371527778
1e-06
1e-06
1e-06
1e-06
1e-06
1e-06
65.97222139467593
125.3858024691358
199.45987947530864
70.98765469135803
25.462962596450613
4.629629784722222
1e-06
1e-06
1e-06
1e-06
1e-06
1e-06
145.44753012731482
477.2376572530864
392.36111408179016
147.37654339891975
9.25925939853395
2.8935186047453705
1e-06
1e-06
1e-06
1e-06
1e-06
1e-06
130.40123530092592
358.7962962962963
437.885809837963
131.5586416087963
23.53395047800926
3.472222273919753
1e-06
1e-06
1e-06
1e-06
1e-06
1e-06
114.00463127893518
253.85802908950618
375.3857994984567
81.79012272376544
9.645061728395062
4.243827195216049
1e-06
1e-06
1e-06
1e-06
1e-06
1e-06
73.68827307098766
313.2716005015432
441.35803055555556
218.74999926697532
37.80864271219136
1e-06
1e-06
1e-06
1e-06
1e-06
1e-06
1e-06
179.78394842206788
484.56791006944445
575.6172869212963
159.72222808641976
32.40740823688271
7.330247051311729
1e-06
1e-06
1e-06
1e-06
1e-06
1e-06
134.83796405671296
459.876531404321
562.5000118055556
192.12963035879628
30.8641975308642
11.574074074074074
1e-06
1e-06
1e-06
1e-06
1e-06
1e-06
196.37345532407406
371.1419708719136
296.68209729938275
159.33642048996913
27.777777959104938
10.416666621527776
1e-06
1e-06
1e-06
1e-06
1e-06
1e-06
105.70987736496913
413.96604641203703
420.5246913580247
138.11728467978395
30.478394741126547
6.558642044367283
1e-06
1e-06
1e-06
1e-06
1e-06
1e-06
82.56173059027778
444.83024394290123
537.4228365354938
157.02160237268518
32.02160521219135
5.401234591049383