1e-06
1e-06
1e-06
1e-06
1e-06
1e-06
45.9104953429784
205.24691284722223
165.50925962577162
12.731481758487654
1e-06
1e-06
1e-06
1e-06
1e-06
1e-06
1e-06
1e-06
75.23148148148148
125.77160640817901
139.66049126157407
4.629629699074074
1e-06
1e-06
1e-06
1e-06
1e-06
1e-06
1e-06
1e-06
41.666666255787035
170.13889035493827
206.01852438271604
107.63888925925926
16.589506450617282
4.629629699074074
1e-06
1e-06
1e-06
1e-06
1e-06
33.564815914351854
16.203703425925926
125.77160640046297
174.76851558641974
80.43981261574073
1e-06
1e-06
1e-06
1e-06
1e-06
1e-06
1e-06
1e-06
96.64352016782408
171.29629849537037
229.1666652006173
192.12963402777777
16.203703425925926
1e-06
1e-06
1e-06
1e-06
1e-06
1e-06
1e-06
42.43827160493827
100.30864013888889
194.05863904320987
103.39506016666667
1e-06
1e-06
1e-06
1e-06
1e-06
1e-06
1e-06
1e-06
32.021604525848765
140.81789756944443
87.9629627816358
10.030864203317902
1e-06
1e-06
1e-06
1e-06
1e-06
1e-06
1e-06
1e-06
1e-06
1e-06
1e-06
1e-06
1e-06
1e-06
1e-06
1e-06
1e-06
1e-06
1e-06
6.944444719907407
89.50617302083333
159.3364204861111
184.79938858024693
92.97839652777778
12.731481759259259
1e-06
1e-06
1e-06
1e-06
1e-06
1e-06
1e-06
44.36728441358024
127.3148148109568
157.7932084104938
55.94135710262346
15.04629574074074
1e-06
1e-06
1e-06
1e-06
1e-06
1e-06
1e-06
82.1759248263889
134.25925999228394
160.4938286265432
124.22839524691358
9.259259050347222
1e-06
1e-06
1e-06
1e-06
1e-06
1e-06
1e-06
24.305555014467593
140.8179012345679
168.20987434413578
108.7962928125
1e-06
1e-06
1e-06
1e-06
1e-06
1e-06
1e-06
20.833332777777777
61.7283950617284
117.66975308641975
129.629631095679
80.63271641589506
11.574074074074074
1e-06
1e-06
1e-06
1e-06
1e-06
1e-06
1e-06
54.39814732060185
136.1882686728395
146.60493827160494
78.70370407021605
9.25925939699074
1e-06
1e-06
1e-06
1e-06
1e-06
1e-06
1e-06
37.42284043981481
132.71604791666667
145.44753013117284
91.04938418595678
9.259259311728394
1e-06
1e-06
1e-06
1e-06
1e-06
1e-06
1e-06
53.24074101273148
128.47222295910493
161.6512367669753
110.33950489197531
8.10185171412037
1e-06
1e-06
1e-06
1e-06
1e-06
1e-06
1e-06
33.95061655285494
111.11111184799381
129.62962743441358
51.31172913194444
7.5231483043981475
1e-06
1e-06
1e-06
1e-06
1e-06
1e-06
3.4722223599537037
72.5308640162037
154.320987654321
184.79937758487654
155.0925881905864
17.93981460590278
1e-06
1e-06
1e-06
1e-06
1e-06
1e-06
1e-06
69.83024654320987
131.94444371141975
143.51851412037036
52.4691368140432
1e-06
1e-06
1e-06
1e-06
1e-06
1e-06
1e-06
1e-06
46.2962962962963
122.29938565200617
151.62037110339506
121.91357804398149
12.15277765625
1e-06
1e-06
1e-06
1e-06
1e-06
1e-06
1e-06
43.981482309027776
130.78703557098765
146.60493827160494
104.16666483024692
12.731481759259259
1e-06
1e-06
1e-06
1e-06
1e-06
1e-06
1e-06
29.5138900630787
109.9537037037037
151.23457083333335
100.69444591049383
15.624999756944444
1e-06
1e-06
1e-06
1e-06
1e-06
1e-06
1e-06
66.35802395833333
138.8888888927469
165.12345752314815
116.12654100694444
10.416666391203703
1e-06
1e-06
1e-06
1e-06
1e-06
1e-06
1e-06
66.35802395833333
131.55864344135804
142.7469135802469
113.425928125
10.416666391203703
1e-06
1e-06
1e-06
1e-06
1e-06
1e-06
1e-06
37.61573935763889
100.3086419675926
135.03086786265433
101.46604828317902
15.04629574074074
1e-06
1e-06
1e-06
1e-06
1e-06
1e-06
1e-06
65.97222277777777
131.94444371141975
144.29012199074074
67.90123511959877
4.243827309799383
1e-06
1e-06
1e-06
1e-06
1e-06
1e-06
1e-06
54.39814801041667
125.38579880401234
133.87345605709876
133.87345605709876
30.092592411265432
2.893518561921296
1e-06
1e-06
1e-06
1e-06
1e-06
1e-06
33.17901197916667
104.16666667438271
129.629631095679
78.31790196759259
11.188271742669754
1.1574074247685184
1e-06
1e-06
1e-06
1e-06
1e-06
1e-06
29.513889716435187
120.75617357253087
122.68518591820987
36.265431550925925
5.015432259645062
1.1574074247685184
1e-06
1e-06
1e-06
1e-06
1e-06
1e-06
10.416666735532408
47.839505621141974
87.19135949459876
41.666667399691356
16.203704347222224
2.314814892361111
1e-06
1e-06
1e-06
1e-06
1e-06
1e-06
42.24537009837963
93.36419863425925
126.15740667438273
85.26234531635802
15.432098764660495
2.314814849537037
1e-06
1e-06
1e-06
1e-06
1e-06
1e-06
59.02777667824074
107.2530871566358
124.99999853395063
111.88271605324074
19.675925787422837
2.893518561921296
1e-06
1e-06
1e-06
1e-06
1e-06
1e-06
54.39814732060186
116.12654467978395
131.1728431712963
70.60185166666666
7.330247052083333
1.1574074247685184
1e-06
1e-06
1e-06
1e-06
1e-06
1e-06
30.67129576388889
110.7253079050926
125.77160273919753
126.15740667052468
23.533950481867283
2.893518561921296
1e-06
1e-06
1e-06
1e-06
1e-06
1e-06
52.854938912037035
86.8055537191358
132.33024765046295
108.41049529320988
33.950617098765434
6.558642189429012
1e-06
1e-06
1e-06
1e-06
1e-06
1e-06
26.620370161458336
97.22222331790124
149.30555848765434
102.2376561574074
13.503086076388888
2.314814849537037
1e-06
1e-06
1e-06
1e-06
1e-06
1e-06
47.83950653935185
106.09568084876543
125.77160640432099
111.88271604938272
32.79320987654321
3.4722223599537037
1e-06
1e-06
1e-06
1e-06
1e-06
1e-06
54.976851851851855
150.84876689814814
159.72222075617285
135.80246839891976
30.8641975308642
2.314814849537037
1e-06
1e-06
1e-06
1e-06
1e-06
1e-06
41.66666625462963
142.7469135802469
150.84876689814814
103.78086456018518
15.817900636959877
3.4722223599537037