738.4259318287037
656.2499940972222
873.4567665895062
962.9629570601852
729.938259837963
645.0617313271605
567.7083465856482
459.4907495949074
362.2685207175926
832.9475072916666
783.1789829089506
794.0971998456789
691.3580129243828
716.8209994598765
983.0246736882715
930.9413844907407
553.6265579475308
526.2345590663581
357.060178587963
621.9135684799384
755.4012463348766
812.5000235339506
1023.5339623842592
941.358024691358
1035.879659066358
937.114203433642
995.3703409336421
1145.0617402006174
1155.8641916666668
1136.1882716049383
640.0462874614198
609.1820899305557
567.9012227623457
857.2530746527777
1023.9197589506172
1076.3888889274692
1078.7036978009257
1110.3395179398149
975.6944208719136
1141.2036859953703
1130.7870311728395
1006.9444444444443
1005.4012360339506
1041.6666666666667
965.2777807098765
1203.7037037037037
1068.6728394675927
1342.5925925925926
1423.6111111111113
1269.29012345679
1120.756172839506
1323.3024691358025
1535.493827160494
1375.0000059027777
523.1481422453704
862.6543224575616
1114.583339197531
1404.3209876543208
1755.4012345679012
1674.3827160493827
1863.425925925926
1828.7037037037037
1562.5
1477.6234567901236
1797.8395061728395
1466.0493827160492
1027.0061610725309
453.3179012345679
1001.1574074074074
1400.4629629629628
1315.5864197530864
1331.0185185185185
1269.29012345679
1117.283944714506
960.6481187114199
1442.9012345679012
1264.6605055941357
880.0154262345678
868.827163425926
684.6064991319445
852.2376454861111
1273.148148148148
1334.8765432098764
1381.1728395061727
1300.1543209876543
1032.0216049382716
694.8302557484567
1327.1604938271605
1219.135802469136
896.6049294367285
540.5092717631172
972.2222222222223
752.3148148148148
1172.8395061728395
1323.3024691358023
1331.0185185185185
1304.0123456790122
1168.5956849151235
932.4845561342594
1250.0
1238.4259259259259
936.3425808256173
583.3333510416667
530.0925984953703
835.2623456790124
1118.0555673225308
1123.4567783564814
1184.4135802469136
879.243803587963
739.197525
846.064797183642
1466.0493827160492
1234.953697800926
761.1882833719136
725.1157362847223
630.787037037037
881.5586419753087
1118.827160493827
1145.061740162037
1136.5740682098765
1006.9444738811729
750.0000206018518
876.5432128472222
1435.1851851851852
1078.7037272376542
742.6697530864197
591.0493856867284
837.3842416087964
721.4506172839507
1120.756172839506
1234.567901234568
1211.4197530864196
1230.70987654321
1045.5246913580247
868.8271486882717
1423.611111111111
1185.5709994212964
783.179012345679
472.60803206404324
589.1203880208333
933.6419753086419
1157.4074074074074
1136.1882716049383
1261.5740740740741
1184.0277836805556
912.0370282021605
930.5555437885802
1396.6049382716049
1071.7592415895062
798.9969371141975
547.4537169367284
831.0185538194444
923.996913580247
1051.3117283950617
1003.0864197530864
859.9537095679012
738.425902353395
624.9999852623456
703.3178982638889
1182.4845679012344
1089.1203527006173
768.5185067515432
645.4475279320988
428.81943559027775
833.3333333333334
1118.8271604938273
1031.6358083333332
1019.6759082947532
971.4505996141975
727.623450925926
818.6728571759259
1280.8641975308642
1091.0493944830248
776.2345560956791
619.5987668981481
673.6111199652778
949.074074074074
1188.2716049382716
1296.2962962962963
1091.435191087963
1165.5092533564814
769.6759258873457
763.5030776234568
1304.0123456790125
1081.7901293209877
705.2469253858025
555.5555555555555
510.4166711226852
951.3888830246915
1296.2962962962963
1373.4567901234568
1381.1728395061727
1198.688259837963
1094.9073897376545
749.2283832947531
1066.3580305941357
1311.7283950617284
844.9074074074074
553.6265432098766
482.25308641975306
995.3703703703704
1072.530864197531
1105.3240740740741
1127.3148030478396
925.5401293595679
684.0277748070988
792.0524809027778
1066.3580305941357
1113.04012345679
725.694453279321
422.4536926504629
584.8765373070988
959.4907436728395
939.043215779321
1005.0154320987655
1002.7006231867284
1256.5586302083332
813.2715872685185
753.8580158950617
1062.5000058641974
1130.7870311728395
903.1635743827161
385.9567899768519
1003.8580129243827
752.3148148148148
1215.2777777777776
927.854938271605
1121.1419694058643
1221.0648148148148
867.2839329861112
1012.3456848765433
1369.5987654320988
1050.540105787037
785.108024691358
551.3117269290124
602.6234670910494
937.5
1124.614197530864
1185.1851734182098
1141.5895120756174
817.1296413966048
726.4660464506173
785.4938212962962
1069.0586360725308
1150.0771545910493
767.7469135416667
801.6975132330248
701.3889006558642
709.8765432098766
1048.9969194830248
1070.601851851852
927.083345138889
901.6203880401235
709.1049353395061
764.2747001929012
1137.3456613425926
816.7438301311728
659.3364256172839
707.5617342978395
437.8858024691358
723.7654409336419
1242.2839506172838
972.6080188271604
1076.3888888503086
942.5154144290124
729.552463271605
743.0555644290124
1033.1790241126544
687.1141916280864
701.0030746141975
593.7499911651234
410.8796296296296
634.2592798611112
960.26235154321
694.0586478780864
955.2469077160495
681.3271692901234
638.1172751157407
825.6172839506172
1006.5586478395062
746.5277777777778
670.1389065586419
486.11109637345675
383.48766022376543
605.7098765432098
952.1604761574075
1120.7561728780865
796.296302199074
1106.0956672453704
816.3580187885804
800.9259200231481
1171.2962903935186
832.1759141589506
643.5185155864198
528.1635714120371
542.8240770061728
432.0987580632716
668.9814873842593
899.6913756944444
686.3425984953705
692.1296355324074
521.6049559799383
692.901243441358
853.3950499614198
797.8395179398149
667.4382716049382
583.7191402391976
723.3796296296296
573.6882671682098
774.6913550925925
938.657389699074
824.0740681712963
712.1913521604938
607.2530923225308
655.4784009645062
986.4969312500001
813.6574280092592
565.9722251929012
434.7993709104938
339.8919694058642
621.9135979552469
992.2839388503086
721.4506172839506
699.8456849151235
627.3148089120369
560.1851881172839
644.6759200231481
888.8888653549384
775.8487889660493
663.1944356481482
484.95369926697526
301.3117353973766
570.9876543209876
768.5185214891975
837.1913580246913
824.8456613425927
756.1728100694445
581.404309220679
832.5617107253087
833.3333480324073
592.5925866898148
650.0771457561729
503.85802615740744
426.69751946373464
971.4505996527778
889.6605173996913
1141.9753086419753
952.1605055941358
1161.2654320987656
839.8919635416668
829.861134683642
1152.3919635416667
884.259247492284
702.1604938657407
620.7561787037038
417.4382644212963
585.6481452160493
970.6790359182099
873.4567959876543
882.330235146605
808.6419694058642
645.4475279320988
660.8796413966049
1157.021581404321
822.9166489969135
645.8333391975308
447.5308641975309
116.5123472368827
904.3209935570989
824.4598647762346
822.5308524305556
935.9567842592593
694.0586478780864
619.2129629629629
740.7407407021605
1004.243838927469
793.9814932870371
780.4783921296297
526.6203703703704
711.8055702932098
1000.0000176697531
800.1543268904321
924.382710146605
1203.3179071373459
904.7067901234568
756.5586508487654
784.722228125
1222.993827160494
804.0123515432098
722.2222251543211
518.9043209876543
343.3641975308642
788.966049382716
930.169747183642
959.8765255787038
977.6234626929013
924.7685067515432
904.3209935570989
945.216049382716
1277.0061728395062
885.0308701003087
729.1666666666666
526.2345618132716
936.3426102430556
1028.9351734182098
839.1203703703704
845.2932039737653
1024.3055261188272
745.3703733024691
679.3981422453704
629.2438212577161
955.2469076774692
788.1944268132717
512.3456760416667
173.03240245949073
778.5493797453704
1008.1018489197531
956.4043268518518
896.9907701774691
937.1141739583333
892.3611228780865
676.3117402006172
689.814797183642
902.7777777777777
925.1543033179013
647.7623368441358
487.8472288773148
630.0154291666666
780.478406867284
801.6975426311728
882.7160611496914
845.6790005787037
886.5740858796297
638.5030864583333
780.864203433642
984.1821223379629
982.6389065586419
775.0771516589506
531.2500029320987
731.867286882716
1014.6604938271606
823.6882716049382
1033.9506172839506
964.5061728395061
1109.182098765432
841.0493826774691
907.4073956404321
1203.3179071373456
873.0709847222223
830.2469312500001
486.1496959375
739.583321566358
583.7191328703703
907.0216137345678
945.9876425540124
942.5154439043209